a_th01 = 3
 a_th12 = 8.44730776549
 a_th23 = 14.4606454969