a_th01 = 3
 a_th12 = 8.34147970279
 a_th23 = 14.487833168