a_th01 = 3
 a_th12 = 8.59861292093
 a_th23 = 14.3310215349