a_th01 = 3
 a_th12 = 8.43759225831
 a_th23 = 14.3587096326