a_th01 = 3
 a_th12 = 8.42362274355
 a_th23 = 14.4200999508